TARGET_DIRECTORY=d

START=0
UPTO=30

ASPECT_RATIO=1.5
SHRINK_RATIO = 0.9
FILESIZE_HEIGHT=100
START_X = -2.3
START_Y = 1.02
DEFAULT_WIDTH = 3.1000299996765301
DEFAULT_HEIGHT = 2.0000816899999
