TARGET_DIRECTORY=d

START=0
UPTO=10000

ASPECT_RATIO=1.5
SHRINK_RATIO = 0.99
FILESIZE_HEIGHT=2000
START_X = -2.299999999999999010057484499987799000010
START_Y = 1.01999999999999955305789966457755190533312
DEFAULT_WIDTH = 3.1000299996765301
DEFAULT_HEIGHT = 2.0000816899999
