TARGET_DIRECTORY=e

START=0
UPTO=4000

ASPECT_RATIO=1.5
SHRINK_RATIO = 0.99
FILESIZE_HEIGHT=2000
START_X = -3.4990004332586895
START_Y = 2.5000499696264100
DEFAULT_WIDTH = 7.5
DEFAULT_HEIGHT = 5.0
